33 36 6264202.370994148 6588610.934622854 491230.76093955216
59 55 12352923.953121524 6862222.427790125 0.0
106 29 4216734.087736109 13483158.770888437 4216734.087736109
99 100 3443810.4815104213 5269041.5814996855 0.0
59 64 12352923.953121524 3381468.622307752 0.0
88 109 11019500.853508873 4161319.1017781803 0.0
14 13 1929134.1986603797 980152.5641308574 250521.915684801
48 45 676524.620236375 659207.4371245225 0.0
19 18 158163.60575492046 556458.8173275304 0.0
66 69 1172950.5361094829 349807.09885942255 0.0
33 29 6264202.370994148 13483158.770888437 1691888.7900279993
55 59 6862222.427790125 12352923.953121524 3431111.2138950625
18 19 556458.8173275304 158163.60575492046 34634.366223705205
70 66 694996.2822223512 1172950.5361094829 347498.1411111756
8 11 2669155.156973548 2875806.8754416555 473336.33839063783
19 11 158163.60575492046 2875806.8754416555 79081.80287746023
63 54 1581636.0575492044 1066738.4796901203 533369.2398450602
66 71 1172950.5361094829 637272.3385161757 0.0
15 7 2626439.438630978 2632211.8330015955 853737.1274143333
60 48 3961017.017117752 676524.620236375 0.0
96 99 7404827.498628173 3443810.4815104213 843346.8175472218
78 72 372896.67634189274 372896.67634189274 186448.33817094637
88 104 11019500.853508873 9340888.570533294 4670444.285266647
70 77 694996.2822223512 339416.78899231105 0.0
112 52 875672.2260226799 1751344.4520453599 875672.2260226799
100 96 5269041.5814996855 7404827.498628173 1160251.2684941245
23 111 331335.43687344645 165667.71843672323 0.0
7 5 2632211.8330015955 3969098.369236617 671329.4653028193
18 5 556458.8173275304 3969098.369236617 73886.64794390443
44 33 3315663.3264827114 6264202.370994148 549531.9440827892
52 46 1751344.4520453599 5195154.933555781 592824.9018624207
67 65 509125.18348846654 2389771.269435659 254562.59174423327
99 97 3443810.4815104213 0.0 0.0
18 23 556458.8173275304 331335.43687344645 0.0
40 29 2228144.2270583683 13483158.770888437 832956.5076801102
87 98 5518409.0183103625 4375474.932928091 667866.0286804488
126 80 174903.5494297113 349807.0988594226 174903.5494297113
92 94 0.0 1638205.5223812563 0.0
124 37 796590.4231452198 9833851.04978403 796590.4231452198
15 11 2626439.438630978 2875806.8754416555 263221.1833001596
36 43 6588610.934622854 8253369.471108951 1044226.141644712
18 7 556458.8173275304 2632211.8330015955 94090.02824106581
44 35 3315663.3264827114 0.0 0.0
33 44 6264202.370994148 3315663.3264827114 0.0
122 94 819102.7611906282 1638205.5223812563 819102.7611906282
99 108 3443810.4815104213 1721905.2407552104 1721905.2407552104
37 124 9833851.04978403 796590.4231452198 0.0
69 67 349807.09885942255 509125.18348846654 97553.46486343633
29 40 13483158.770888437 2228144.2270583683 281115.6058490739
66 68 1172950.5361094829 344034.70448880503 172017.35224440251
96 87 7404827.498628173 5518409.0183103625 891834.930260409
41 32 4628305.806361139 5310602.820968132 0.0
7 9 2632211.8330015955 1134852.7332634074 228009.5776393926
18 9 556458.8173275304 1134852.7332634074 75618.3662550897
127 44 821988.9583759368 3315663.3264827114 821988.9583759368
59 56 12352923.953121524 3936772.960761158 0.0
25 33 5723906.257904348 6264202.370994148 1017673.1275398713
119 70 177789.74661502006 694996.2822223512 177789.74661502006
43 41 8253369.471108951 4628305.806361139 935705.1274771023
32 41 5310602.820968132 4628305.806361139 288619.71853087674
29 33 13483158.770888437 6264202.370994148 571467.0426911359
80 69 349807.0988594226 349807.09885942255 174903.5494297113
40 33 2228144.2270583683 6264202.370994148 0.0
66 70 1172950.5361094829 694996.2822223512 0.0
36 38 6588610.934622854 586475.2680547416 0.0
53 118 7177395.160425842 3588697.580212921 0.0
96 98 7404827.498628173 4375474.932928091 680565.2962958073
51 56 4524402.707690024 3936772.960761158 934550.6486029788
29 35 13483158.770888437 0.0 0.0
69 80 349807.09885942255 349807.0988594226 0.0
54 46 1066738.4796901203 5195154.933555781 533369.2398450602
55 53 6862222.427790125 7177395.160425842 0.0
6 8 363660.8453489047 2669155.156973548 88317.63387044828
131 30 5626930.032477972 15957206.998135112 0.0
99 96 3443810.4815104213 7404827.498628173 0.0
43 36 8253369.471108951 6588610.934622854 2250079.325666715
51 49 4524402.707690024 4779542.538871318 245904.00018830696
14 9 1929134.1986603797 1134852.7332634074 185871.0987338846
52 112 1751344.4520453599 875672.2260226799 0.0
36 33 6588610.934622854 6264202.370994148 993429.0711832776
55 46 6862222.427790125 5195154.933555781 0.0
71 128 637272.3385161757 165667.71843672323 0.0
28 38 1668221.9731084676 586475.2680547416 293237.6340273708
117 6 181830.42267445233 363660.8453489047 181830.42267445233
18 134 556458.8173275304 157009.12688079695 0.0
94 102 1638205.5223812563 1638205.522381256 819102.7611906282
88 98 11019500.853508873 4375474.932928091 839306.1414877895
32 38 5310602.820968132 586475.2680547416 0.0
77 70 339416.78899231105 694996.2822223512 169708.39449615552
69 66 349807.09885942255 1172950.5361094829 77350.08456627496
79 107 324408.56362870545 162204.28181435273 0.0
9 18 1134852.7332634074 556458.8173275304 0.0
32 31 5310602.820968132 8432313.696598094 0.0
61 46 5427205.187254606 5195154.933555781 344611.9439258668
32 40 5310602.820968132 2228144.2270583683 0.0
94 122 1638205.5223812563 819102.7611906282 0.0
40 32 2228144.2270583683 5310602.820968132 0.0
61 64 5427205.187254606 3381468.622307752 222237.1832687751
107 79 162204.28181435273 324408.56362870545 162204.28181435273
36 37 6588610.934622854 9833851.04978403 1256650.2544834372
51 46 4524402.707690024 5195154.933555781 847387.493606654
50 48 1695929.4660874316 676524.620236375 288042.47909381497
35 29 0.0 13483158.770888437 0.0
72 78 372896.67634189274 372896.67634189274 0.0
44 114 3315663.3264827114 835842.704865419 0.0
76 66 2289331.607386914 1172950.5361094829 0.0
28 26 1668221.9731084676 1081746.705053726 540873.352526863
76 75 2289331.607386914 1762889.2407865948 309400.33826509985
65 75 2389771.269435659 1762889.2407865948 409840.00031384494
102 94 1638205.522381256 1638205.5223812563 0.0
6 117 363660.8453489047 181830.42267445233 0.0
54 63 1066738.4796901203 1581636.0575492044 0.0
6 7 363660.8453489047 2632211.8330015955 93512.78880400406
43 44 8253369.471108951 3315663.3264827114 0.0
90 104 9340888.570533294 9340888.570533294 0.0
31 27 8432313.696598094 11177664.459263792 2122509.4100760673
87 96 5518409.0183103625 7404827.498628173 1698815.6632727403
39 40 18322734.211214177 2228144.2270583683 832956.5076801102
5 8 3969098.369236617 2669155.156973548 249944.67624773923
65 68 2389771.269435659 344034.70448880503 0.0
49 51 4779542.538871318 4524402.707690024 453132.9580934764
102 96 1638205.522381256 7404827.498628173 412148.95806209196
49 60 4779542.538871318 3961017.017117752 750988.5076173412
75 79 1762889.2407865948 324408.56362870545 0.0
27 41 11177664.459263792 4628305.806361139 1089828.0571725904
32 37 5310602.820968132 9833851.04978403 551840.9018310363
78 123 372896.67634189274 186448.33817094637 0.0
70 119 694996.2822223512 177789.74661502006 0.0
44 127 3315663.3264827114 821988.9583759368 0.0
68 66 344034.70448880503 1172950.5361094829 0.0
13 8 980152.5641308574 2669155.156973548 133919.5493983268
32 30 5310602.820968132 15957206.998135112 1814840.7901221528
115 16 169708.39449615552 339416.78899231105 169708.39449615552
50 45 1695929.4660874316 659207.4371245225 279383.88753788866
30 39 15957206.998135112 18322734.211214177 1790019.4943284974
35 44 0.0 3315663.3264827114 0.0
109 88 4161319.1017781803 11019500.853508873 4161319.1017781803
75 65 1762889.2407865948 2389771.269435659 385595.9439572513
65 72 2389771.269435659 372896.67634189274 0.0
102 100 1638205.522381256 5269041.5814996855 406953.80312853615
49 64 4779542.538871318 3381468.622307752 1185649.8037248414
53 55 7177395.160425842 6862222.427790125 3431111.2138950625
98 87 4375474.932928091 5518409.0183103625 408108.2820026597
98 96 4375474.932928091 7404827.498628173 431197.8594851298
61 56 5427205.187254606 3936772.960761158 926469.2964841143
125 59 6176461.976560762 12352923.953121524 0.0
118 53 3588697.580212921 7177395.160425842 3588697.580212921
39 37 18322734.211214177 9833851.04978403 270148.0565449006
111 23 165667.71843672323 331335.43687344645 165667.71843672323
46 52 5195154.933555781 1751344.4520453599 0.0
46 61 5195154.933555781 5427205.187254606 1678035.0435385173
75 76 1762889.2407865948 2289331.607386914 495848.6764360462
63 120 1581636.0575492044 790818.0287746022 0.0
16 8 339416.78899231105 2669155.156973548 169708.39449615552
130 39 4777233.581123072 18322734.211214177 0.0
56 53 3936772.960761158 7177395.160425842 0.0
50 49 1695929.4660874316 4779542.538871318 280538.3664120122
45 53 659207.4371245225 7177395.160425842 0.0
59 125 12352923.953121524 6176461.976560762 6176461.976560762
39 30 18322734.211214177 15957206.998135112 1970695.4381288262
134 18 157009.12688079695 556458.8173275304 157009.12688079695
5 7 3969098.369236617 2632211.8330015955 148350.53532487064
46 45 5195154.933555781 659207.4371245225 0.0
9 5 1134852.7332634074 3969098.369236617 101594.14092286861
46 54 5195154.933555781 1066738.4796901203 0.0
65 67 2389771.269435659 509125.18348846654 0.0
9 14 1134852.7332634074 1929134.1986603797 381555.267897819
49 50 4779542.538871318 1695929.4660874316 0.0
13 5 980152.5641308574 3969098.369236617 116602.3662864742
68 72 344034.70448880503 372896.67634189274 0.0
13 14 980152.5641308574 1929134.1986603797 239554.36638062767
27 31 11177664.459263792 8432313.696598094 0.0
45 46 659207.4371245225 5195154.933555781 279383.88753788866
64 59 3381468.622307752 12352923.953121524 884330.8175786063
71 74 637272.3385161757 305936.9016427293 0.0
128 71 165667.71843672323 637272.3385161757 165667.71843672323
110 74 152968.45082136465 305936.9016427293 152968.45082136465
90 105 9340888.570533294 4670444.285266647 4670444.285266647
28 121 1668221.9731084676 834110.9865542337 0.0
39 32 18322734.211214177 5310602.820968132 0.0
5 9 3969098.369236617 1134852.7332634074 77927.32400333672
114 44 835842.704865419 3315663.3264827114 835842.704865419
9 7 1134852.7332634074 2632211.8330015955 84276.95781101601
5 18 3969098.369236617 556458.8173275304 0.0
68 65 344034.70448880503 2389771.269435659 172017.35224440251
29 113 13483158.770888437 5888996.736904008 5888996.736904008
64 52 3381468.622307752 1751344.4520453599 0.0
105 90 4670444.285266647 9340888.570533294 0.0
72 65 372896.67634189274 2389771.269435659 186448.33817094637
71 67 637272.3385161757 509125.18348846654 157009.12688079695
45 48 659207.4371245225 676524.620236375 50219.83102437255
64 61 3381468.622307752 5427205.187254606 301318.9861462353
90 98 9340888.570533294 4375474.932928091 0.0
38 36 586475.2680547416 6588610.934622854 293237.6340273708
50 129 1695929.4660874316 847964.7330437158 0.0
29 106 13483158.770888437 4216734.087736109 0.0
8 13 2669155.156973548 980152.5641308574 190489.01423037864
16 115 339416.78899231105 169708.39449615552 0.0
53 45 7177395.160425842 659207.4371245225 50219.83102437255
45 50 659207.4371245225 1695929.4660874316 0.0
56 59 3936772.960761158 12352923.953121524 1861019.9450870932
39 27 18322734.211214177 11177664.459263792 1310333.5221301804
80 126 349807.0988594226 174903.5494297113 0.0
23 19 331335.43687344645 158163.60575492046 44447.436653755016
31 32 8432313.696598094 5310602.820968132 2093647.4382229797
46 51 5195154.933555781 4524402.707690024 919542.4232393733
5 13 3969098.369236617 980152.5641308574 49065.35215024904
52 64 1751344.4520453599 3381468.622307752 282847.32416025916
97 87 0.0 5518409.0183103625 0.0
8 6 2669155.156973548 363660.8453489047 0.0
48 60 676524.620236375 3961017.017117752 338262.3101181875
79 75 324408.56362870545 1762889.2407865948 162204.28181435273
37 39 9833851.04978403 18322734.211214177 3272370.3687030803
98 88 4375474.932928091 11019500.853508873 1348431.3249762561
53 56 7177395.160425842 3936772.960761158 107366.53529348614
39 130 18322734.211214177 4777233.581123072 4777233.581123072
56 61 3936772.960761158 5427205.187254606 53106.02820968132
108 99 1721905.2407552104 3443810.4815104213 0.0
133 30 4193067.270816577 15957206.998135112 4193067.270816577
64 49 3381468.622307752 4779542.538871318 505084.5074290343
27 39 11177664.459263792 18322734.211214177 3817861.636726437
63 60 1581636.0575492044 3961017.017117752 257448.78892954203
77 116 339416.78899231105 169708.39449615552 0.0
132 31 4216156.848299047 8432313.696598094 4216156.848299047
67 69 509125.18348846654 349807.09885942255 0.0
60 63 3961017.017117752 1581636.0575492044 0.0
37 25 9833851.04978403 5723906.257904348 1384797.4095111466
11 15 2875806.8754416555 2626439.438630978 111407.21135291841
71 66 637272.3385161757 1172950.5361094829 161627.04237729096
100 102 5269041.5814996855 1638205.522381256 0.0
41 43 4628305.806361139 8253369.471108951 1378447.7757034672
113 29 5888996.736904008 13483158.770888437 0.0
74 110 305936.9016427293 152968.45082136465 0.0
104 90 9340888.570533294 9340888.570533294 4670444.285266647
67 71 509125.18348846654 637272.3385161757 0.0
30 131 15957206.998135112 5626930.032477972 5626930.032477972
11 8 2875806.8754416555 2669155.156973548 692687.3244741041
37 36 9833851.04978403 6588610.934622854 259757.74667778905
41 27 4628305.806361139 11177664.459263792 935705.1274771023
123 78 186448.33817094637 372896.67634189274 186448.33817094637
60 49 3961017.017117752 4779542.538871318 1358244.3954063058
31 132 8432313.696598094 4216156.848299047 0.0
96 100 7404827.498628173 5269041.5814996855 1286666.7052106485
38 28 586475.2680547416 1668221.9731084676 0.0
23 18 331335.43687344645 556458.8173275304 121220.28178296822
25 37 5723906.257904348 9833851.04978403 1500822.536360559
104 92 9340888.570533294 0.0 0.0
8 5 2669155.156973548 3969098.369236617 628613.7469602495
48 50 676524.620236375 1695929.4660874316 0.0
30 133 15957206.998135112 4193067.270816577 0.0
19 23 158163.60575492046 331335.43687344645 0.0
11 19 2875806.8754416555 158163.60575492046 0.0
30 32 15957206.998135112 5310602.820968132 561653.9722610861
56 51 3936772.960761158 4524402.707690024 54260.50708380482
120 63 790818.0287746022 1581636.0575492044 790818.0287746022
121 28 834110.9865542337 1668221.9731084676 834110.9865542337
33 25 6264202.370994148 5723906.257904348 948981.6345295226
7 6 2632211.8330015955 363660.8453489047 0.0
7 15 2632211.8330015955 2626439.438630978 416766.873558586
33 34 6264202.370994148 0.0 0.0
129 50 847964.7330437158 1695929.4660874316 847964.7330437158
26 28 1081746.705053726 1668221.9731084676 0.0
96 102 7404827.498628173 1638205.522381256 0.0
44 43 3315663.3264827114 8253369.471108951 1108299.7191585666
26 37 1081746.705053726 9833851.04978403 540873.352526863
8 7 2669155.156973548 2632211.8330015955 42138.478905508004
34 26 0.0 1081746.705053726 0.0
116 77 169708.39449615552 339416.78899231105 169708.39449615552
40 39 2228144.2270583683 18322734.211214177 281115.6058490739
74 71 305936.9016427293 637272.3385161757 152968.45082136465
8 16 2669155.156973548 339416.78899231105 0.0
100 99 5269041.5814996855 3443810.4815104213 878558.4232079887
66 76 1172950.5361094829 2289331.607386914 414457.915810339
65 15 2389771.269435659 2626439.438630978 785045.6344039846
5 87 3969098.369236617 5518409.0183103625 1459261.2968921126
60 11 3961017.017117752 2875806.8754416555 622264.1131525702
14 25 1929134.1986603797 5723906.257904348 528174.0849115044
100 43 5269041.5814996855 8253369.471108951 595711.0990477295
25 14 5723906.257904348 1929134.1986603797 343457.4650517433
15 65 2626439.438630978 2389771.269435659 196261.40860099616
11 60 2875806.8754416555 3961017.017117752 633808.9018938052
61 27 5427205.187254606 11177664.459263792 1220284.1699485467
27 61 11177664.459263792 5427205.187254606 681142.5357328691
76 51 2289331.607386914 4524402.707690024 835265.4654283572
43 100 8253369.471108951 5269041.5814996855 940900.2824106581
51 76 4524402.707690024 2289331.607386914 234359.2114470719
87 5 5518409.0183103625 3969098.369236617 392522.8172019923
