33 36 37302964.01652698 44985095.46534818 4711680.725223579
59 55 46941488.89966934 1956393.434321165 0.0
106 29 4088105.221208789 34290675.95879419 4088105.221208789
59 64 46941488.89966934 42199924.3643492 0.0
99 100 38773247.47327751 70513838.30383231 0.0
88 109 32880160.12223677 4189710.1755370777 0.0
14 13 40446740.83868462 20233331.68937449 4765471.58339738
48 45 5096185.748465927 4932820.919938091 0.0
19 18 4267408.081788122 14854245.871994507 0.0
66 69 28732287.28083487 8626459.847872347 0.0
33 29 37302964.01652698 34290675.95879419 8642397.879923843
55 59 1956393.434321165 46941488.89966934 978196.7171605825
18 19 14854245.871994507 4267408.081788122 1031987.5753343824
70 66 16559615.301504606 28732287.28083487 8279807.650752303
8 11 48706625.94937255 52428156.43339693 8632436.609891659
19 11 4267408.081788122 52428156.43339693 2133704.040894061
63 54 8196132.982481949 5395023.849431482 2697511.924715741
66 71 28732287.28083487 16212963.104384564 0.0
15 7 56352896.82607788 56428602.47832248 19103723.667724695
60 48 57281287.193077534 5096185.748465927 0.0
96 99 87846448.15983447 38773247.47327751 9682354.471283974
78 72 8435203.463254392 8435203.463254392 4217601.731627196
88 104 32880160.12223677 25560618.902587116 12780309.451293558
70 77 16559615.301504606 8307699.2068424225 0.0
112 52 4410850.3702515885 8821700.740503177 4410850.3702515885
100 96 70513838.30383231 87846448.15983447 13196690.538638897
23 111 8694196.484091207 4347098.242045603 0.0
7 5 56428602.47832248 77171951.19334486 14738695.13962116
18 5 14854245.871994507 77171951.19334486 2181518.1370485495
44 33 16352420.884835156 37302964.01652698 2691535.16269643
52 46 8821700.740503177 59424952.504003786 2952520.437539681
67 65 12666750.972926646 53786873.66578698 6333375.486463323
99 97 38773247.47327751 0.0 0.0
18 23 14854245.871994507 8694196.484091207 0.0
40 29 11128730.879957259 34290675.95879419 4414834.878264463
87 98 78821537.51067472 31820280.990812268 6124188.8157874355
126 80 4313229.923936173 8626459.847872347 4313229.923936173
92 94 0.0 8451141.495305888 0.0
124 37 4141896.0793825886 74191539.19971505 4141896.0793825886
15 11 56352896.82607788 52428156.43339693 5486667.533727585
36 43 44985095.46534818 80674333.73666117 7415169.411958632
18 7 14854245.871994507 56428602.47832248 2087882.1987460093
44 35 16352420.884835156 0.0 0.0
33 44 37302964.01652698 16352420.884835156 0.0
122 94 4225570.747652944 8451141.495305888 4225570.747652944
99 108 38773247.47327751 19386623.736638755 19386623.736638755
37 124 74191539.19971505 4141896.0793825886 0.0
69 67 8626459.847872347 12666750.972926646 2139680.802913372
29 40 34290675.95879419 11128730.879957259 1149530.5617141672
66 68 28732287.28083487 8172225.934404704 4086112.967202352
96 87 87846448.15983447 78821537.51067472 9208198.01775196
41 32 52157209.88852149 7120315.819005951 0.0
7 9 56428602.47832248 25915240.11573291 5381078.071386423
18 9 14854245.871994507 25915240.11573291 2125735.0248683128
127 44 4088105.221208789 16352420.884835156 4088105.221208789
59 56 46941488.89966934 31967707.787288614 0.0
119 70 4125958.0473310924 16559615.301504606 4125958.0473310924
25 33 54093680.78277828 37302964.01652698 7867411.071419838
43 41 80674333.73666117 52157209.88852149 10997242.115532415
32 41 7120315.819005951 52157209.88852149 962258.6851090863
29 33 34290675.95879419 37302964.01652698 2358828.7436214457
80 69 8626459.847872347 8626459.847872347 4313229.923936173
40 33 11128730.879957259 37302964.01652698 0.0
66 70 28732287.28083487 16559615.301504606 0.0
36 38 44985095.46534818 2641728.812535504 0.0
53 118 8291761.174790926 4145880.587395463 0.0
96 98 87846448.15983447 31820280.990812268 6126181.069793873
51 56 67294355.82943006 31967707.787288614 6823469.9720468335
29 35 34290675.95879419 0.0 0.0
69 80 8626459.847872347 8626459.847872347 0.0
54 46 5395023.849431482 59424952.504003786 2697511.924715741
55 53 1956393.434321165 8291761.174790926 0.0
6 8 8335590.76293254 48706625.94937255 2181518.1370485495
99 96 38773247.47327751 87846448.15983447 0.0
131 30 17621486.686935544 41861241.183254905 0.0
43 36 80674333.73666117 44985095.46534818 15077378.320715455
51 49 67294355.82943006 64397618.50407061 6345329.010501946
14 9 40446740.83868462 25915240.11573291 3400777.588988013
52 112 8821700.740503177 4410850.3702515885 0.0
36 33 44985095.46534818 37302964.01652698 5733707.0305257775
55 46 1956393.434321165 59424952.504003786 0.0
71 128 16212963.104384564 3998453.7909191228 0.0
28 38 8084566.758121475 2641728.812535504 1320864.406267752
117 6 4167795.3814662704 8335590.76293254 4167795.3814662704
18 134 14854245.871994507 4181741.1595113296 0.0
94 102 8451141.495305888 8451141.495305888 4225570.747652944
88 98 32880160.12223677 31820280.990812268 3659770.6098248274
32 38 7120315.819005951 2641728.812535504 0.0
77 70 8307699.2068424225 16559615.301504606 4153849.6034212112
69 66 8626459.847872347 28732287.28083487 2173549.1210228014
79 107 8088551.266134349 4044275.6330671743 0.0
9 18 25915240.11573291 14854245.871994507 0.0
32 31 7120315.819005951 8239962.570623564 0.0
61 46 81981252.36488385 59424952.504003786 6251693.072199405
32 40 7120315.819005951 11128730.879957259 0.0
94 122 8451141.495305888 4225570.747652944 0.0
40 32 11128730.879957259 7120315.819005951 0.0
61 64 81981252.36488385 42199924.3643492 4376982.052142158
107 79 4044275.6330671743 8088551.266134349 4044275.6330671743
36 37 44985095.46534818 74191539.19971505 9343671.290189678
51 46 67294355.82943006 59424952.504003786 16448049.077144133
50 48 8291761.174790926 5096185.748465927 1444384.154666848
35 29 0.0 34290675.95879419 0.0
72 78 8435203.463254392 8435203.463254392 0.0
44 114 16352420.884835156 4088105.221208789 0.0
76 66 50531530.61926887 28732287.28083487 0.0
28 26 8084566.758121475 5442837.945585971 2721418.9727929854
65 75 53786873.66578698 39251388.434822395 9002995.855088945
76 75 50531530.61926887 39251388.434822395 6578422.729255078
102 94 8451141.495305888 8451141.495305888 0.0
6 117 8335590.76293254 4167795.3814662704 0.0
54 63 5395023.849431482 8196132.982481949 0.0
6 7 8335590.76293254 56428602.47832248 1986277.2444177205
43 44 80674333.73666117 16352420.884835156 0.0
90 104 25560618.902587116 25560618.902587116 0.0
5 8 77171951.19334486 48706625.94937255 4133927.0633568405
87 96 78821537.51067472 87846448.15983447 26833669.21270038
31 27 8239962.570623564 92225422.46598308 2404650.5857694973
39 40 95799526.1535311 11128730.879957259 4414834.878264463
65 68 53786873.66578698 8172225.934404704 0.0
49 51 64397618.50407061 67294355.82943006 4753518.059358758
102 96 8451141.495305888 87846448.15983447 2137688.548906935
49 60 64397618.50407061 57281287.193077534 12180640.995356012
75 79 39251388.434822395 8088551.266134349 0.0
27 41 92225422.46598308 52157209.88852149 14119104.143619243
32 37 7120315.819005951 74191539.19971505 1822912.4158898839
78 123 8435203.463254392 4217601.731627196 0.0
70 119 16559615.301504606 4125958.0473310924 0.0
44 127 16352420.884835156 4088105.221208789 0.0
68 66 8172225.934404704 28732287.28083487 0.0
13 8 20233331.68937449 48706625.94937255 2390704.807724438
32 30 7120315.819005951 41861241.183254905 774986.8085040053
115 16 4135919.3173632775 8271838.634726555 4135919.3173632775
50 45 8291761.174790926 4932820.919938091 1362701.7404029297
30 39 41861241.183254905 95799526.1535311 1464306.6947312183
35 44 0.0 16352420.884835156 0.0
109 88 4189710.1755370777 32880160.12223677 4189710.1755370777
75 65 39251388.434822395 53786873.66578698 8670289.436013961
65 72 53786873.66578698 8435203.463254392 0.0
102 100 8451141.495305888 70513838.30383231 2087882.1987460093
49 64 64397618.50407061 42199924.3643492 15264650.197320536
53 55 8291761.174790926 1956393.434321165 978196.7171605825
98 87 31820280.990812268 78821537.51067472 1904594.8301538022
98 96 31820280.990812268 87846448.15983447 1755175.779671025
61 56 81981252.36488385 31967707.787288614 7096408.770928707
125 59 23470744.44983467 46941488.89966934 0.0
118 53 4145880.587395463 8291761.174790926 4145880.587395463
39 37 95799526.1535311 74191539.19971505 5201775.21080709
111 23 4347098.242045603 8694196.484091207 4347098.242045603
46 52 59424952.504003786 8821700.740503177 0.0
46 61 59424952.504003786 81981252.36488385 20518224.01229499
75 76 39251388.434822395 50531530.61926887 10955404.781397237
63 120 8196132.982481949 4098066.491240974 0.0
16 8 8271838.634726555 48706625.94937255 4135919.3173632775
130 39 12716557.323087573 95799526.1535311 0.0
56 53 31967707.787288614 8291761.174790926 0.0
50 49 8291761.174790926 64397618.50407061 1338794.6923256852
45 53 4932820.919938091 8291761.174790926 0.0
59 125 46941488.89966934 23470744.44983467 23470744.44983467
39 30 95799526.1535311 41861241.183254905 16121319.42008846
134 18 4181741.1595113296 14854245.871994507 4181741.1595113296
5 7 77171951.19334486 56428602.47832248 2591922.462374578
46 45 59424952.504003786 4932820.919938091 0.0
9 5 25915240.11573291 77171951.19334486 1998230.7684563429
46 54 59424952.504003786 5395023.849431482 0.0
65 67 53786873.66578698 12666750.972926646 0.0
9 14 25915240.11573291 40446740.83868462 9556842.46887844
49 50 64397618.50407061 8291761.174790926 0.0
13 5 20233331.68937449 77171951.19334486 2374766.775672942
68 72 8172225.934404704 8435203.463254392 0.0
13 14 20233331.68937449 40446740.83868462 5351194.261289867
27 31 92225422.46598308 8239962.570623564 0.0
45 46 4932820.919938091 59424952.504003786 1362701.7404029297
64 59 42199924.3643492 46941488.89966934 8572668.989698548
71 74 16212963.104384564 8216055.522546318 0.0
128 71 3998453.7909191228 16212963.104384564 3998453.7909191228
110 74 4108027.761273159 8216055.522546318 4108027.761273159
90 105 25560618.902587116 12780309.451293558 12780309.451293558
28 121 8084566.758121475 4042283.3790607373 0.0
39 32 95799526.1535311 7120315.819005951 0.0
5 9 77171951.19334486 25915240.11573291 2050029.3726237055
114 44 4088105.221208789 16352420.884835156 4088105.221208789
9 7 25915240.11573291 56428602.47832248 1402546.8205316702
5 18 77171951.19334486 14854245.871994507 0.0
68 65 8172225.934404704 53786873.66578698 4086112.967202352
29 113 34290675.95879419 13636978.67406148 13636978.67406148
105 90 12780309.451293558 25560618.902587116 0.0
64 52 42199924.3643492 8821700.740503177 0.0
72 65 8435203.463254392 53786873.66578698 4217601.731627196
71 67 16212963.104384564 12666750.972926646 4193694.6835499518
45 48 4932820.919938091 5096185.748465927 1103708.7195661156
64 61 42199924.3643492 81981252.36488385 6691981.20762199
90 98 25560618.902587116 31820280.990812268 0.0
38 36 2641728.812535504 44985095.46534818 1320864.406267752
50 129 8291761.174790926 4145880.587395463 0.0
29 106 34290675.95879419 4088105.221208789 0.0
8 13 48706625.94937255 20233331.68937449 3839073.47040416
16 115 8271838.634726555 4135919.3173632775 0.0
53 45 8291761.174790926 4932820.919938091 1103708.7195661156
45 50 4932820.919938091 8291761.174790926 0.0
56 59 31967707.787288614 46941488.89966934 13919878.74297554
39 27 95799526.1535311 92225422.46598308 9445276.244517967
80 126 8626459.847872347 4313229.923936173 0.0
23 19 8694196.484091207 4267408.081788122 1101716.4655596786
46 51 59424952.504003786 67294355.82943006 9194252.239706902
31 32 8239962.570623564 7120315.819005951 1715330.6995422842
5 13 77171951.19334486 20233331.68937449 1512120.7908857071
52 64 8821700.740503177 42199924.3643492 1458329.9327119072
97 87 0.0 78821537.51067472 0.0
8 6 48706625.94937255 8335590.76293254 0.0
48 60 5096185.748465927 57281287.193077534 2548092.8742329637
79 75 8088551.266134349 39251388.434822395 4044275.6330671743
37 39 74191539.19971505 95799526.1535311 26020829.57807407
98 88 31820280.990812268 32880160.12223677 12250369.885581307
53 56 8291761.174790926 31967707.787288614 2063975.1506687647
39 130 95799526.1535311 12716557.323087573 12716557.323087573
56 61 31967707.787288614 81981252.36488385 1051910.1153987527
108 99 19386623.736638755 38773247.47327751 0.0
133 30 4034314.363034989 41861241.183254905 4034314.363034989
64 49 42199924.3643492 64397618.50407061 5835311.984854066
27 39 92225422.46598308 95799526.1535311 19265096.242246095
63 60 8196132.982481949 57281287.193077534 1400554.5665252332
77 116 8307699.2068424225 4153849.6034212112 0.0
132 31 4119981.2853117813 8239962.570623564 4119981.2853117813
67 69 12666750.972926646 8626459.847872347 0.0
60 63 57281287.193077534 8196132.982481949 0.0
37 25 74191539.19971505 54093680.78277828 9692315.741316158
11 15 52428156.43339693 56352896.82607788 2191479.4070807346
71 66 16212963.104384564 28732287.28083487 3912786.86864233
100 102 70513838.30383231 8451141.495305888 0.0
41 43 52157209.88852149 80674333.73666117 15081362.82872833
113 29 13636978.67406148 34290675.95879419 0.0
74 110 8216055.522546318 4108027.761273159 0.0
104 90 25560618.902587116 25560618.902587116 12780309.451293558
67 71 12666750.972926646 16212963.104384564 0.0
30 131 41861241.183254905 17621486.686935544 17621486.686935544
11 8 52428156.43339693 48706625.94937255 11511243.64919317
37 36 74191539.19971505 44985095.46534818 1382624.2804673
41 27 52157209.88852149 92225422.46598308 10997242.115532415
123 78 4217601.731627196 8435203.463254392 4217601.731627196
60 49 57281287.193077534 64397618.50407061 18679373.564353608
31 132 8239962.570623564 4119981.2853117813 0.0
96 100 87846448.15983447 70513838.30383231 18906490.52108743
38 28 2641728.812535504 8084566.758121475 0.0
23 18 8694196.484091207 14854245.871994507 3245381.7764859246
25 37 54093680.78277828 74191539.19971505 13864095.630795304
104 92 25560618.902587116 0.0 0.0
8 5 48706625.94937255 77171951.19334486 10839854.049023889
48 50 5096185.748465927 8291761.174790926 0.0
30 133 41861241.183254905 4034314.363034989 0.0
19 23 4267408.081788122 8694196.484091207 0.0
11 19 52428156.43339693 4267408.081788122 0.0
30 32 41861241.183254905 7120315.819005951 1844827.2099606914
56 51 31967707.787288614 67294355.82943006 1012065.0352700121
120 63 4098066.491240974 8196132.982481949 4098066.491240974
33 25 37302964.01652698 54093680.78277828 5297403.403116067
121 28 4042283.3790607373 8084566.758121475 4042283.3790607373
7 6 56428602.47832248 8335590.76293254 0.0
7 15 56428602.47832248 56352896.82607788 8094528.02815366
33 34 37302964.01652698 0.0 0.0
129 50 4145880.587395463 8291761.174790926 4145880.587395463
26 28 5442837.945585971 8084566.758121475 0.0
96 102 87846448.15983447 8451141.495305888 0.0
44 43 16352420.884835156 80674333.73666117 5484675.279721148
26 37 5442837.945585971 74191539.19971505 2721418.9727929854
8 7 48706625.94937255 56428602.47832248 1041948.8453665676
34 26 0.0 5442837.945585971 0.0
116 77 4153849.6034212112 8307699.2068424225 4153849.6034212112
40 39 11128730.879957259 95799526.1535311 1149530.5617141672
74 71 8216055.522546318 16212963.104384564 4108027.761273159
8 16 48706625.94937255 8271838.634726555 0.0
100 99 70513838.30383231 38773247.47327751 9704269.26535478
66 76 28732287.28083487 50531530.61926887 10280030.673215084
65 15 53786873.66578698 56352896.82607788 17890440.977804545
5 87 77171951.19334486 78821537.51067472 28297975.9074316
60 11 57281287.193077534 52428156.43339693 9961270.032185158
14 25 40446740.83868462 54093680.78277828 12057121.246956917
100 43 70513838.30383231 80674333.73666117 12355959.34792247
25 14 54093680.78277828 40446740.83868462 5315333.689174
15 65 56352896.82607788 53786873.66578698 3586057.211586657
11 60 52428156.43339693 57281287.193077534 12511355.160424558
61 27 81981252.36488385 92225422.46598308 23265542.287171654
27 61 92225422.46598308 81981252.36488385 12728510.847126195
76 51 50531530.61926887 67294355.82943006 18687342.580379356
43 100 80674333.73666117 70513838.30383231 14262546.432082709
51 76 67294355.82943006 50531530.61926887 4030329.855022115
87 5 78821537.51067472 77171951.19334486 6452910.726849546
